$ANSIBLE_VAULT;1.1;AES256
61616433323438343164343562343236346438636134663065646261666166353132363338656534
3065326633323164623562346263633030643361303366360a316138636539653563663339626236
65303064386637313230666130666438333664633030353933376339656337333939343231363536
3739336465343134340a623962646133633531666530326139333731346632373539383437356433
65636365356234626137663235633530623731333130626434653736633936363265326238623463
61646237613639353536343732616665343834343332366262326539336161313861656665336239
39656666663264353033326366393033363036626137626632663831646334653337616131343466
34643930666165626261626663663064353033373232353038313939666565623739663530356266
38303461353330326266613766383138663464336336663265346261326432626630393465623434
35623062653064656439656331353836393637336530383436666561646439303566633961303664
34336361663962303538306335313435323533626361383266626261383438346638313662636539
34633865623431383732623039326234303534396262353331623434623939313930623162643530
62323065386338363264633439383061366135663462346135623331623935326133653731653035
62616238316432316163303736323136633565353230373265313033303363333139303537373964
39653861343035626438653933363065656137333134393361363263636632323430316139663064
39396632653431313232656564383763333737353030373163303730373234323566313265653963
62316430663639353233623062393861626632383863373230356663353761653637343035313933
3665326566646463383666626634396364663934383035393234
