$ANSIBLE_VAULT;1.1;AES256
33376131653037303166663038386235333230303666373131636337353239353461316132636461
6432303738636635323035626163343066633231623736360a643131366161303363613835636133
65653362306134643066356538396533653063643733386662356230363339363437623539646465
3563356135383063380a383639663632366130336261646637656634633863646266373134323338
37633730633633373536653736643363643935663063396163653331376335666163343633356136
32373630306361383239376438376631323531666638366432396639383361333061663232393232
31303861393738353463636532663039653436313065363238303534386634666530333332353730
36356262653666333361313064363261316537363464383139663730343566393534343438333836
65343336343361653564633339653634346165346463393738663837306665386262306562613762
33343363613161623234626236616437333735373533323935616666346135353466666133653163
32306264656162386562666139616364613533373233306336356638363532623663663331656534
33633864363761383164373332393861303865356635623366323566386465366435323534643537
32383038643736383232313933366436373731646366393966646330383532636134613064323831
65363762396635353766623432326332366563613765653165303530356466323161373630613333
32653236653530663338653661326130326333316138616563336165386630643031653662646236
64313062656366653065663964613438306263343565366638306565666663356532656531653964
61326163373936306565656334306534663830346431633833613332306335386366346530323763
30303462656432623230613266376632633933386439353763653934646234386363333037336535
39663463306164633332376338303237346538313134393833616462663630336265353864663261
39393732656634393036653130386666313539313965343934663563616235613038323363646166
38653735376236313463353538336366386435343636303731303938616164356536303362636266
66616263303631323965323935633035333562333633653439643161323163303238306435643532
33303836626531383564666632653566623732373335356337633139333732656261613430343030
30646235643461656466383631393836353864323636646362316665313035326465323565323564
35313937303161303964316331373033393234663731313839353735353161343033346533396263
34313334626437633666333333376331326239393935333262323565326637373435616436396137
66386436353666353061363939323637643234643863316632636638363436636663373165306637
33393032326164663162366131643337313863376165633239316665396666653531303337623638
61333566353939643837396266626133643136326634333063346335653537613466393563653632
31323434343863363232663038356264613734353466333063663734303734363333623438633563
30326663303637643931353363393731373461613437306434626466663333303166626339633763
63393830663964353935616462633164393538636238316337626135666339633730373061366238
61323066643334353636663532373531356136393061356230376436376535323036663738633031
34623466643665333364313533383639396162633832623331396166613331656235383438623436
65633438343964323539396566666161323937323538623663333962643430633365363730663035
38313837613535346130356231646366313961333565343739656538616336656662393262663034
65326435313466646637663930623137663631356131636361393836336661356530643865613732
61353231303966366135646234313239303130393138386635346538653834636664366430633333
64366361383338303761643835633062353261306366376638633939633532633530626163363539
66626537653365656137343639323362333565386465643034633033333130363730303462626135
32383733643337633238643937623535336233363837376330376636666233393461326434626162
37666433646362313561353433636664653166663165326465353832633634376166363461363235
36656661646239623635313063343766316532363763356666313166326231393961666439643635
66366330396232633331383431366465363038333738623666343066316638386539396537393138
62653237363332653432373365663830653530313135393164393731653265383234303234343664
35383062376265636265333533656132373035323066343636623238366532323137653034333833
62303536326534343265306639386264633965323030393761366639353165326331643134656236
31316563323835386230633663316232316662396463663232666265643535373430356465353030
64623430303736626466623764346565363737646234616331316236633565373139336334643465
32333665366239303764343365353730643762646634663561623931333634363963343639626233
62643032336665613464303564613033373134326432346164626131356161383733323965663765
32623637316134383035306363633563323565313061313936323933653639353365623932323836
33313133636363356336653165313338303233663135343166373035313964363964623962346131
37333638656534356130383535336334393061613335646338303834346236663664393061393732
63336530623439353539373530303035313636333437636264366639303433623239326339663830
33383164646334663239373864333664303031633834316633346236393966656433626232363332
37353933663230636233626364643837303865343466356564636364326231346662616436323938
39653863663664616264333333373461373738646631343838623434383566373365626665653731
65386530653763386233393762343265613831313862353832326162613433366531383733663236
39626336353465616366373166663630323433303838653630323030613030653363343661666365
65353039626563663430336237313036356530613163313236653433333035303564643639303262
36646636643562343637663830393732343764376462636634303966653536623234626364346665
39393334353734383734316263343162653138356165363632613166633265633534393865303235
33353862613162643266353035643333343732333538616263393733613636633062363263646536
61663734613465366566663863636530346231633164616533313234343866363836373735393130
65373338626130643263663832383662353733356461343264353134323536303765343763303230
37633662353262626466326132316333303461646663646465366162633235343038636532323433
39663264653735303931666565353239326434376337613966663465653065623032636330656135
33663334346666313039393538363430376334373564363038666564663637643238616237663865
34326439366666323036366365633664333635626666343137666430666662366338623332663934
61666539306132343937383561353138653131616661333561613863393935666339316530373165
66316335643565383064303735646365663562653266376165323038363939316132663665346263
33626232653633633932653739633731366463623765393666656362333237643366343231346262
35383965313639653938396263313865636162663830623939366634366331313865393634653464
37326439393233316234343239353532333066623039306534343733393864653931343565323838
38326139656235336634663030343636323431333737393363363239366239316665613463353537
62653334393339303439346561396366616639333035633136663864393435316237323865373062
33303633643933636530306236613438653036643132326131303731396133363664623433323731
35616432376137616435616266393163653164326261306130346139636235363731356435343636
36326238353633323036333862343333343632646338613262343237303262323437363764643934
31653362363663356338373932353463303434323665366537656631333961313539326534623433
61613335393335343662306461643961303431343263626539333030366338346265353237323330
35616566306131646163396534626130613939303564396162656466646635333938383264383534
31343037313833643137636431616636306239623537623362343161393332666263333164613333
32656565623734333232316365303765656637316562613039633162326235393932343965623539
31613766663963626336643535393336323635353633343930623637633838303766376338636237
64303030353631646666316264396433613037323535663031393364623566326531343930636164
39616563316439613462666666373732633665373933623664643331336333313763396631666664
65363964323531383230643338656434363532356238343132343764386233396466646637636638
66633635313564356630323735326230383961343430343538313531323836663135653265316665
63656261666436623063303234346234373831636235363238316338393035323361633531626235
33363363636534393566336163303462303136633634326535363432633833353339666434643937
64356361313839386535343330356164346234633564333062616535633239323239663262333365
65346538313965653032303161643030386238343331336436363331653138656565613237346331
36353231653531366133373436323837623866343736333537643937323462623634316561616263
37383763663064303365636162623032393163366230373034323336663831313832363337633263
66336635326432666237336338303764353161653536393761363137623039653631343164386633
62653763613162303439376661316163646161396665356266363962373862363163633333636561
39323961353964386630393262613634313964616561393132626265383335653461613834646437
33373439646235346439633430303937643633333564643232633062663238353032353134373236
39353230303065393634393031666536323435626539383337393262383536623063623833613435
38623333366563636661646638663964333734643762316132356534363938383736623162323834
64616538643138356431353661326466316539313861383365636335373232393262353035656562
34343562336230373763653235393662386439666236323366643439653665643230303938366233
38373331363839646339653966363437663536663738313130623636623462333364636535643235
36383530336463623366326165336139356332313633623161373166656163633932323366316332
66646234353235393566613361363534373262613761626331633266313264373239336439386336
64373232326633396636366162316634633432333965343037326234313939376362316438323437
38626637613539653561306564396165373039383837623762346662326361323938363063373539
65613764643962313339393234633234336438333965613764383233646237396466306138353965
373666313231393364613336643965313663
