$ANSIBLE_VAULT;1.1;AES256
66313635303836656662363630663131386535326361656135666239623238663761633666336133
6530376631643064323434653762303835333632303237350a396261653934336561643030376465
61346133303134313664623335373631643630623861633532636433386465653062626464366566
6664646430623932640a363535646665363037633033666236353732366133326131656531386235
38343136306533306163303434323537356234653232313333333166323239363835623039323538
38343731373263626666613563623538643935393033353730333635646534643465633565323335
35393265636430343232323631303535663539366365366338656336336632643435653134643464
37656238636131626163636266353761653362333839613266333137663731356632393036633731
32613330656166333737376138323662646265326336643361663439316639646532303433623538
36336662366438653437663839633431633834373337636133353034613566333637626539306230
30323639333830656436343035623864643730623730336532666332313037313362653633633331
30383533666636326663383166386261303831393430646663643266363431346263303231366230
65323131633730366263356338313334633964396434666333663130363332323538623434366434
33303064306131343830353164336638636262613863643537646437343565333931613430663032
36646264303465373361353931653163623435353537626136303962313533613033323866663363
32663932316533646238323361326165353762653337626463376637373237386664386466653536
36303462626361663232633433316333653239613832326666386664636363303934303735666636
62656162633235396333366336323563653466313536656339613039303663303064653533363136
39316638323536356665306136333437333465303136366433373731396335616566323266366530
33393466303365343031353066396631363137353438643735313039316438663337616134356465
32323933663864386235646432633636666165646439333433373465616461306633623333393932
62386665643066336561386538313433376634393034326661333662666430333965623233303035
32663235626434356234383466383066666466343130323035303665346637393139383635333861
66316435326465626365323832363833383966623364626437306363636332643466616163643833
62363662373762356435386238373965363832333735333532666162323838393065393230633430
62323237353739386537353638343761386630323763626266643532396562326465396264623764
39363731653266376237643862363166353165373238336535653064303332653235316233646564
30646464363766636263303037353736636262393332343366636131396564393332333666366634
64336335333736646539363939313163343639363231643666343637333334393934353139343436
65646564326337306633356431383931626363306464363831383036646331386138343166663330
65343039633962623739386564336434353662303362356163353131306336346233356430636466
38653763353034316135653138373036316165663166303934356136663862313234313862633831
31343163616633656633623330653732633930636465383664366137393964353630396363383161
33343232656135356164333862356264326630396431303266306533633734666632656463633565
30373639663566393338333536613033653336336661396438386233613462613631343131383638
30633239343334333436616265326231313862333365373264623031616232666638613435386335
30376237383865313738373231333537333735316131363737393531643164306239363565326331
37373561653336333564313065383936646135663465633439363837303138333764316634343633
34623339633530616166393138633163393735343762396634366166336335386566333636313966
33616435316165313164623239626132653633393637386131316135313931623934656130313933
32666534626666373432373130363166653364343766666162306534373833613033353032333435
35393362376335313034613135623735326261313961343162343262333662616364633733353063
31633666626164613863623537616130626161363362323935333936656432633836306339373465
66313263313036646338613366646333313138653465613163346664613534653239303966363836
39333032656432346461323636363738333864383138343466376664633030313633343066383064
3136393663356234646430646166326632346337336230316337
